0.000000000000000000e+00
3.508061818168880297e+00
4.415242725535003743e+00
1.929816058226905895e+01
2.628740008695115193e+01
1.212917345982307893e+01
2.826658055253028934e+01
2.148932725385034459e+01
1.769486222014486643e+01
1.991481374929695747e+01
2.892054111644061365e+01
6.634054658350238753e+01
6.669804496207542854e+01
3.332619576690268559e+01
3.076747790368030167e+01
6.492922584696864874e+01
7.542849603844955197e+01
7.551157920875556329e+01
7.895305324715594963e+01
7.385072181024294480e+01
2.166310943989462956e+01
